KeyPCGI_One@RadiantGI.fx=46,0,0,0
PreprocessorDefinitions=
Techniques=SMAA@SMAA.fx,Curves@Curves.fx,DPX@DPX.fx,Levels@Levels.fx,LumaSharpen@LumaSharpen.fx,ContrastAdaptiveSharpen@CAS.fx,FilmGrain@FilmGrain.fx,Border@Border.fx
TechniqueSorting=SMAA@SMAA.fx,Curves@Curves.fx,DPX@DPX.fx,Levels@Levels.fx,LumaSharpen@LumaSharpen.fx,ContrastAdaptiveSharpen@CAS.fx,FilmGrain@FilmGrain.fx,Border@Border.fx,CA@ChromaticAberration.fx,Layer@Layer.fx,qUINT_ReGrade@qUINT_regrade.fx,qUINT_Solaris@qUINT_solaris.fx,Tonemap@Tonemap.fx

[Border.fx]
border_color=0.000000,0.000000,0.000000
border_ratio=2.380000
border_width=2.000000,2.000000

[CAS.fx]
Contrast=1.000000
Sharpening=0.400000

[Curves.fx]
Contrast=0.190000
Formula=4
Mode=0

[DPX.fx]
Colorfulness=2.500000
Contrast=0.100000
RGB_C=0.360000,0.360000,0.340000
RGB_Curve=8.000000,8.000000,8.000000
Saturation=3.000000
Strength=0.100000

[FilmGrain.fx]
Intensity=0.400000
Mean=0.500000
SignalToNoiseRatio=8
Variance=0.402000

[Levels.fx]
BlackPoint=65
HighlightClipping=0
WhitePoint=255

[LumaSharpen.fx]
offset_bias=1.000000
pattern=1
sharp_clamp=0.035000
sharp_strength=0.650000
show_sharpen=0

[qUINT_regrade.fx]
CB_HI=0.000000,0.000000
CB_MID=0.000000,0.000000
CB_SHAD=0.000000,0.000000
COLOR_REMAP_AQUA=0.000000,0.000000,0.000000
COLOR_REMAP_BLUE=0.000000,0.000000,0.000000
COLOR_REMAP_GREEN=0.000000,0.000000,0.000000
COLOR_REMAP_MAGENTA=0.000000,0.000000,0.000000
COLOR_REMAP_ORANGE=0.000000,0.000000,0.000000
COLOR_REMAP_RED=0.000000,0.000000,0.000000
COLOR_REMAP_YELLOW=0.000000,0.000000,0.000000
DITHER_BIT_DEPTH=2
ENABLE_VIGNETTE=0
GRADE_CONTRAST=0.000000
GRADE_EXPOSURE=0.000000
GRADE_FILMIC_GAMMA=0.000000
GRADE_GAMMA=0.000000
GRADE_SATURATION=0.000000
GRADE_VIBRANCE=0.000000
INPUT_BLACK_LVL=0.000000
INPUT_COLOR_LAB_A=0.000000
INPUT_COLOR_LAB_B=0.000000
INPUT_COLOR_PRIMARY_HUE=0.000000,0.000000,0.000000
INPUT_COLOR_PRIMARY_SAT=0.000000,0.000000,0.000000
INPUT_COLOR_TEMPERATURE=6500.000000
INPUT_GAIN_COLOR=0.500000,0.500000,0.500000
INPUT_GAMMA_COLOR=0.500000,0.500000,0.500000
INPUT_LGG_MODE=0
INPUT_LIFT_COLOR=0.500000,0.500000,0.500000
INPUT_WHITE_LVL=255.000000
NODE1=6
NODE2=0
NODE3=0
NODE4=0
NODE5=0
NODE6=0
NODE7=0
NODE8=0
NODE9=0
OUTPUT_BLACK_LVL=0.000000
OUTPUT_WHITE_LVL=255.000000
SPECIAL_BLEACHBP=0.000000
SPECIAL_GAMMA_LUM_CHROM=0.000000,0.000000
SPLITTONE_BALANCE=0.000000
SPLITTONE_BLEND=0
SPLITTONE_HIGHLIGHTS=0.500000,0.500000,0.500000
SPLITTONE_MODE=0
SPLITTONE_SHADOWS=0.500000,0.500000,0.500000
TONECURVE_DARKS=0.000000
TONECURVE_DARKWASH_INT=0.000000
TONECURVE_DARKWASH_RANGE=0.200000
TONECURVE_HIGHLIGHTS=0.000000
TONECURVE_LIGHTS=0.000000
TONECURVE_SHADOWS=0.000000
UIHELP=0
VIGNETTE_BLEND_MODE=1
VIGNETTE_BLURRYNESS_MECH=0.800000
VIGNETTE_RADIUS_MECH=0.525000
VIGNETTE_RADIUS_SENSOR=1.000000
VIGNETTE_RATIO=0.000000

[SMAA.fx]
CornerRounding=25
DebugOutput=0
DepthEdgeDetectionThreshold=0.010000
EdgeDetectionThreshold=0.100000
EdgeDetectionType=1
MaxSearchSteps=32
MaxSearchStepsDiagonal=16
PredicationEnabled=0
PredicationScale=2.000002
PredicationStrength=0.400000
PredicationThreshold=0.015000

[Tonemap.fx]
Bleach=0.000000
Defog=0.000000
Exposure=0.000000
FogColor=0.000000,0.264850,0.818627
Gamma=1.000000
Saturation=0.000000

