KeyPCGI_One@RadiantGI.fx=46,0,0,0
PreprocessorDefinitions=
Techniques=SMAA@SMAA.fx,Curves@Curves.fx,Levels@Levels.fx,Tonemap@Tonemap.fx,LumaSharpen@LumaSharpen.fx,qUINT_ReGrade@qUINT_regrade.fx,ContrastAdaptiveSharpen@CAS.fx,FilmGrain@FilmGrain.fx,Border@Border.fx,Layer@Layer.fx
TechniqueSorting=SMAA@SMAA.fx,Curves@Curves.fx,Levels@Levels.fx,Tonemap@Tonemap.fx,LumaSharpen@LumaSharpen.fx,qUINT_ReGrade@qUINT_regrade.fx,ContrastAdaptiveSharpen@CAS.fx,FilmGrain@FilmGrain.fx,Border@Border.fx,Layer@Layer.fx,DPX@DPX.fx,CA@ChromaticAberration.fx,qUINT_Solaris@qUINT_solaris.fx

[Border.fx]
border_color=0.000000,0.000000,0.000000
border_ratio=2.380000
border_width=2.000000,2.000000

[CAS.fx]
Contrast=1.000000
Sharpening=0.750000

[Curves.fx]
Contrast=0.190000
Formula=4
Mode=0

[FilmGrain.fx]
Intensity=0.750000
Mean=0.500000
SignalToNoiseRatio=4
Variance=0.402000

[Layer.fx]
Layer_Blend=1.000000
Layer_Pos=0.500000,0.500000
Layer_Scale=1.000000

[Levels.fx]
BlackPoint=5
HighlightClipping=0
WhitePoint=255

[LumaSharpen.fx]
offset_bias=3.000007
pattern=1
sharp_clamp=0.499000
sharp_strength=0.999999
show_sharpen=0

[qUINT_regrade.fx]
CB_HI=0.000000,0.000000
CB_MID=0.000000,0.000000
CB_SHAD=0.000000,0.000000
COLOR_REMAP_AQUA=0.000000,0.000000,0.000000
COLOR_REMAP_BLUE=0.000000,0.000000,0.000000
COLOR_REMAP_GREEN=0.000000,0.000000,0.000000
COLOR_REMAP_MAGENTA=0.000000,0.000000,0.000000
COLOR_REMAP_ORANGE=0.000000,0.000000,0.000000
COLOR_REMAP_RED=0.000000,0.000000,0.000000
COLOR_REMAP_YELLOW=0.000000,0.000000,0.000000
DITHER_BIT_DEPTH=2
ENABLE_VIGNETTE=1
GRADE_CONTRAST=0.000000
GRADE_EXPOSURE=0.000000
GRADE_FILMIC_GAMMA=0.000000
GRADE_GAMMA=0.000000
GRADE_SATURATION=-0.250000
GRADE_VIBRANCE=0.000000
INPUT_BLACK_LVL=0.000000
INPUT_COLOR_LAB_A=0.000000
INPUT_COLOR_LAB_B=0.000000
INPUT_COLOR_PRIMARY_HUE=0.000000,0.000000,0.000000
INPUT_COLOR_PRIMARY_SAT=0.000000,0.000000,0.000000
INPUT_COLOR_TEMPERATURE=6500.000000
INPUT_GAIN_COLOR=0.500000,0.500000,0.500000
INPUT_GAMMA_COLOR=0.500000,0.500000,0.500000
INPUT_LGG_MODE=0
INPUT_LIFT_COLOR=0.500000,0.500000,0.500000
INPUT_WHITE_LVL=255.000000
NODE1=2
NODE2=6
NODE3=0
NODE4=0
NODE5=0
NODE6=0
NODE7=0
NODE8=0
NODE9=0
OUTPUT_BLACK_LVL=0.000000
OUTPUT_WHITE_LVL=255.000000
SPECIAL_BLEACHBP=0.000000
SPECIAL_GAMMA_LUM_CHROM=0.000000,0.000000
SPLITTONE_BALANCE=0.000000
SPLITTONE_BLEND=0
SPLITTONE_HIGHLIGHTS=0.500000,0.500000,0.500000
SPLITTONE_MODE=0
SPLITTONE_SHADOWS=0.500000,0.500000,0.500000
TONECURVE_DARKS=0.000000
TONECURVE_DARKWASH_INT=0.000000
TONECURVE_DARKWASH_RANGE=0.200000
TONECURVE_HIGHLIGHTS=0.000000
TONECURVE_LIGHTS=-0.500000
TONECURVE_SHADOWS=0.000000
UIHELP=0
VIGNETTE_BLEND_MODE=1
VIGNETTE_BLURRYNESS_MECH=1.000000
VIGNETTE_RADIUS_MECH=0.750000
VIGNETTE_RADIUS_SENSOR=1.000000
VIGNETTE_RATIO=0.300000

[SMAA.fx]
CornerRounding=25
DebugOutput=0
DepthEdgeDetectionThreshold=0.010000
EdgeDetectionThreshold=0.100000
EdgeDetectionType=1
MaxSearchSteps=32
MaxSearchStepsDiagonal=16
PredicationEnabled=0
PredicationScale=2.000002
PredicationStrength=0.400000
PredicationThreshold=0.015000

[Tonemap.fx]
Bleach=0.000000
Defog=0.350000
Exposure=1.000000
FogColor=1.000000,0.000000,0.117647
Gamma=0.500001
Saturation=0.000000

